dead_space:0.072238,best_rito:1.63768,get_best_time:11.2723
3010,0 3010,1708 6244,1708 6244,0 
5614,3234 5614,4788 6286,4788 6286,3234 
6286,3486 6286,4788 6916,4788 6916,3486 
2534,2198 2534,4816 4718,4816 4718,2198 
4718,3206 4718,4816 5614,4816 5614,3206 
5754,1932 5754,3234 6482,3234 6482,1932 
6482,1932 6482,3318 7014,3318 7014,1932 
7028,0 7028,1862 7910,1862 7910,0 
7028,2268 7028,2618 7056,2618 7056,2268 
7056,1862 7056,2618 7896,2618 7896,1862 
994,1624 994,2156 1260,2156 1260,1624 
1260,378 1260,2156 1904,2156 1904,378 
1904,658 1904,1638 2884,1638 2884,658 
2884,658 2884,1176 2968,1176 2968,658 
4928,2688 4928,3066 5138,3066 5138,2688 
5138,2394 5138,3066 5754,3066 5754,2394 
6356,1666 6356,1932 6622,1932 6622,1666 
6622,868 6622,1932 7028,1932 7028,868 
0,1050 0,1456 70,1456 70,1050 
70,1050 70,1848 924,1848 924,1050 
4872,2030 4872,2394 4928,2394 4928,2030 
4928,1708 4928,2394 5726,2394 5726,1708 
70,1848 70,2240 826,2240 826,1848 
1148,0 1148,378 1932,378 1932,0 
1932,0 1932,392 3010,392 3010,0 
7056,2618 7056,3444 7448,3444 7448,2618 
7448,2618 7448,3668 7840,3668 7840,2618 
6244,798 6244,1582 6356,1582 6356,798 
6356,0 6356,1582 6608,1582 6608,0 
1022,2548 1022,2940 1106,2940 1106,2548 
1106,2156 1106,2940 1848,2940 1848,2156 
70,2604 70,2968 182,2968 182,2604 
182,2240 182,2968 1022,2968 1022,2240 
1932,1708 1932,2156 2926,2156 2926,1708 
2926,1708 2926,2198 4060,2198 4060,1708 
1932,392 1932,658 2730,658 2730,392 
1848,2156 1848,2940 2170,2940 2170,2156 
2170,2212 2170,2940 2520,2940 2520,2212 
0,0 0,1050 994,1050 994,0 
994,490 994,1050 1148,1050 1148,490 
854,3528 854,4830 1582,4830 1582,3528 
1582,2940 1582,4830 2534,4830 2534,2940 
182,2968 182,4690 854,4690 854,2968 
854,2968 854,3528 1400,3528 1400,2968 
6916,3444 6916,4648 7420,4648 7420,3444 
7420,3682 7420,4648 7868,4648 7868,3682 
6608,0 6608,868 7000,868 7000,0 
826,1848 826,2226 994,2226 994,1848 
4060,1708 4060,2142 4872,2142 4872,1708 

dead_space:0.139346,best_rito:0.326683,get_best_time:25.9852
1960,1260 1960,4494 3668,4494 3668,1260 
1974,5474 1974,6146 2226,6146 2226,5474 
2226,5474 2226,6776 3528,6776 3528,5474 
938,6776 938,8960 1946,8960 1946,6776 
1946,6776 1946,9856 3556,9856 3556,6776 
2198,0 2198,532 2282,532 2282,0 
2282,0 2282,1260 3584,1260 3584,0 
14,6790 14,8652 896,8652 896,6790 
588,4312 588,4662 616,4662 616,4312 
616,3906 616,4662 1456,4662 1456,3906 
196,5334 196,5978 1442,5978 1442,5334 
1442,5068 1442,5978 1974,5978 1974,5068 
1890,4494 1890,5012 1974,5012 1974,4494 
1974,4494 1974,5474 2954,5474 2954,4494 
1246,10346 1246,11018 1862,11018 1862,10346 
1862,10640 1862,11018 2072,11018 2072,10640 
574,4662 574,5334 840,5334 840,4662 
840,4662 840,5068 1638,5068 1638,4662 
14,8652 14,9058 84,9058 84,8652 
84,8652 84,9450 938,9450 938,8652 
2954,4494 2954,5292 3276,5292 3276,4494 
3276,4494 3276,5348 3640,5348 3640,4494 
1442,5978 1442,6734 1834,6734 1834,5978 
0,3178 0,4256 14,4256 14,3178 
14,3178 14,5040 392,5040 392,3178 
1946,9856 1946,10640 2772,10640 2772,9856 
2772,9856 2772,10248 2996,10248 2996,9856 
2072,10752 2072,11004 2870,11004 2870,10752 
2870,10640 2870,11004 3654,11004 3654,10640 
0,448 0,840 84,840 84,448 
84,448 84,1232 826,1232 826,448 
84,1862 84,2226 196,2226 196,1862 
196,1498 196,2226 1036,2226 1036,1498 
0,0 0,448 994,448 994,0 
994,0 994,490 2128,490 2128,0 
0,1232 0,1498 798,1498 798,1232 
616,5978 616,6762 938,6762 938,5978 
938,6034 938,6762 1288,6762 1288,6034 
84,10178 84,11228 1078,11228 1078,10178 
1078,10178 1078,11228 1232,11228 1232,10178 
0,2226 0,3178 588,3178 588,2226 
588,2226 588,3906 1890,3906 1890,2226 
84,9506 84,10178 1246,10178 1246,9506 
1246,8960 1246,10178 1806,10178 1806,8960 
994,490 994,1442 1960,1442 1960,490 
1960,490 1960,994 2198,994 2198,490 
2772,10248 2772,10640 3640,10640 3640,10248 
196,5040 196,5208 574,5208 574,5040 
14,5978 14,6790 448,6790 448,5978 

dead_space:0.115811,best_rito:3.64135,get_best_time:2.4842
6104,0 6104,1708 9338,1708 9338,0 
1750,980 1750,2282 2380,2282 2380,980 
2380,980 2380,2534 3052,2534 3052,980 
9002,1708 9002,3318 9898,3318 9898,1708 
9898,700 9898,3318 12082,3318 12082,700 
7378,1708 7378,3094 7910,3094 7910,1708 
7910,1792 7910,3094 8638,3094 8638,1792 
826,0 826,882 2688,882 2688,0 
5138,2128 5138,2968 5544,2968 5544,2128 
5544,2128 5544,2996 5894,2996 5894,2128 
3752,0 3752,532 4018,532 4018,0 
4018,0 4018,1778 4662,1778 4662,0 
2688,462 2688,980 2772,980 2772,462 
2772,0 2772,980 3752,980 3752,0 
0,0 0,672 616,672 616,0 
616,0 616,378 826,378 826,0 
6706,2506 6706,2772 6972,2772 6972,2506 
6972,1708 6972,2772 7378,2772 7378,1708 
392,882 392,1680 1246,1680 1246,882 
1246,1274 1246,1680 1316,1680 1316,1274 
112,2464 112,3262 434,3262 434,2464 
434,2408 434,3262 798,3262 798,2408 
0,672 0,1428 392,1428 392,672 
4746,1988 4746,3066 4760,3066 4760,1988 
4760,1204 4760,3066 5138,3066 5138,1204 
2016,2926 2016,3318 2240,3318 2240,2926 
2240,2534 2240,3318 3066,3318 3066,2534 
8638,1708 8638,2492 8750,2492 8750,1708 
8750,1708 8750,3290 9002,3290 9002,1708 
6104,1708 6104,2492 6846,2492 6846,1708 
6846,1708 6846,2100 6930,2100 6930,1708 
0,2044 0,2408 112,2408 112,2044 
112,1680 112,2408 952,2408 952,1680 
5614,0 5614,1134 5656,1134 5656,0 
5656,0 5656,2128 6104,2128 6104,0 
952,1680 952,1946 1750,1946 1750,1680 
11060,350 11060,672 11116,672 11116,350 
11116,0 11116,672 11844,672 11844,0 
966,2128 966,3276 1526,3276 1526,2128 
1526,2282 1526,3276 2016,3276 2016,2282 
3066,1372 3066,3262 4018,3262 4018,1372 
4018,1960 4018,3262 4746,3262 4746,1960 
9338,0 9338,1218 9898,1218 9898,0 
9898,0 9898,672 11060,672 11060,0 
4662,238 4662,1204 5110,1204 5110,238 
5110,0 5110,1204 5614,1204 5614,0 
3052,980 3052,1372 3920,1372 3920,980 
798,2408 798,2786 966,2786 966,2408 
5894,2492 5894,2926 6706,2926 6706,2492 

dead_space:0.11344,best_rito:0.453055,get_best_time:69.6484
42,3542 42,6776 1750,6776 1750,3542 
2674,4340 2674,5642 3976,5642 3976,4340 
3976,4970 3976,5642 4228,5642 4228,4970 
1638,0 1638,2184 2646,2184 2646,0 
2646,0 2646,3080 4256,3080 4256,0 
2646,3080 2646,3612 2730,3612 2730,3080 
2730,3080 2730,4340 4032,4340 4032,3080 
1792,3612 1792,5474 2674,5474 2674,3612 
1092,6776 1092,7126 1120,7126 1120,6776 
1120,6776 1120,7532 1960,7532 1960,6776 
728,1246 728,1778 994,1778 994,1246 
994,0 994,1778 1638,1778 1638,0 
266,8288 266,9268 1246,9268 1246,8288 
1246,8750 1246,9268 1330,9268 1330,8750 
798,2716 798,3542 1176,3542 1176,2716 
1176,2926 1176,3542 1470,3542 1470,2926 
1526,2716 1526,3388 1792,3388 1792,2716 
1792,2716 1792,3122 2590,3122 2590,2716 
2394,8316 2394,9170 2786,9170 2786,8316 
2786,8316 2786,9240 3192,9240 3192,8316 
728,1778 728,2464 1526,2464 1526,1778 
1526,2100 1526,2464 1582,2464 1582,2100 
42,2968 42,3360 798,3360 798,2968 
1330,7532 1330,9394 1708,9394 1708,7532 
1708,8316 1708,9394 1722,9394 1722,8316 
42,6776 42,7168 266,7168 266,6776 
266,6776 266,7560 1092,7560 1092,6776 
994,2464 994,2716 1792,2716 1792,2464 
1792,2352 1792,2716 2576,2716 2576,2352 
3192,8708 3192,9100 3276,9100 3276,8708 
3276,8316 3276,9100 4018,9100 4018,8316 
42,7560 42,7924 154,7924 154,7560 
154,7560 154,8288 994,8288 994,7560 
0,1834 0,2968 42,2968 42,1834 
42,840 42,2968 490,2968 490,840 
3276,9100 3276,9366 4074,9366 4074,9100 
0,0 0,672 728,672 728,0 
728,350 728,672 784,672 784,350 
1792,5488 1792,6636 2352,6636 2352,5488 
2352,5642 2352,6636 2842,6636 2842,5642 
2352,6636 2352,7588 2940,7588 2940,6636 
2940,6636 2940,8316 4242,8316 4242,6636 
1722,7588 1722,9310 2394,9310 2394,7588 
2394,7588 2394,8148 2940,8148 2940,7588 
2842,5642 2842,6594 3808,6594 3808,5642 
3808,6090 3808,6594 4046,6594 4046,6090 
1960,6636 1960,7504 2352,7504 2352,6636 
0,672 0,840 378,840 378,672 
1792,3122 1792,3556 2604,3556 2604,3122 

dead_space:0.09901,best_rito:0.329065,get_best_time:13.3959
0,0 0,1708 3234,1708 3234,0 
1554,7588 1554,8260 1806,8260 1806,7588 
1806,6958 1806,8260 3108,8260 3108,6958 
980,4410 980,6594 1988,6594 1988,4410 
1988,3514 1988,6594 3598,6594 3598,3514 
28,8120 28,8652 112,8652 112,8120 
112,7392 112,8652 1414,8652 1414,7392 
0,4774 0,6636 882,6636 882,4774 
0,6636 0,6986 28,6986 28,6636 
28,6636 28,7392 868,7392 868,6636 
1806,8260 1806,9170 2338,9170 2338,8260 
2338,8526 2338,9170 3584,9170 3584,8526 
0,3794 0,4774 980,4774 980,3794 
980,3794 980,4312 1064,4312 1064,3794 
1064,4032 1064,4410 1274,4410 1274,4032 
1274,3738 1274,4410 1890,4410 1890,3738 
1554,2982 1554,3654 1820,3654 1820,2982 
1820,2982 1820,3388 2618,3388 2618,2982 
392,2940 392,3738 1246,3738 1246,2940 
1246,3332 1246,3738 1316,3738 1316,3332 
2520,10220 2520,10906 3318,10906 3318,10220 
3318,10542 3318,10906 3374,10906 3374,10542 
112,10542 112,10934 868,10934 868,10542 
3136,7378 3136,8456 3150,8456 3150,7378 
3150,6594 3150,8456 3528,8456 3528,6594 
1722,1708 1722,2492 2548,2492 2548,1708 
2548,1708 2548,2100 2772,2100 2772,1708 
1554,6706 1554,6958 2352,6958 2352,6706 
2352,6594 2352,6958 3136,6958 3136,6594 
2688,2744 2688,3486 3080,3486 3080,2744 
3080,2660 3080,3486 3472,3486 3472,2660 
2772,1820 2772,2660 3136,2660 3136,1820 
3136,1708 3136,2660 3500,2660 3500,1708 
560,2492 560,2940 1554,2940 1554,2492 
1554,2492 1554,2982 2688,2982 2688,2492 
3234,0 3234,798 3500,798 3500,0 
882,6594 882,7378 1204,7378 1204,6594 
1204,6650 1204,7378 1554,7378 1554,6650 
2366,9170 2366,9730 2520,9730 2520,9170 
2520,9170 2520,10220 3514,10220 3514,9170 
28,8652 28,10542 980,10542 980,8652 
980,8652 980,9954 1708,9954 1708,8652 
0,1708 0,2926 560,2926 560,1708 
560,1708 560,2380 1722,2380 1722,1708 
1414,9954 1414,10920 1862,10920 1862,9954 
1862,9716 1862,10920 2366,10920 2366,9716 
0,2926 0,3794 392,3794 392,2926 
2352,8260 2352,8428 2730,8428 2730,8260 
980,9954 980,10766 1414,10766 1414,9954 

dead_space:0.0896809,best_rito:2.9845,get_best_time:35.9339
4130,1890 4130,3598 7364,3598 7364,1890 
3080,0 3080,1302 3710,1302 3710,0 
3710,0 3710,1554 4382,1554 4382,0 
0,0 0,1610 896,1610 896,0 
896,0 896,2618 3080,2618 3080,0 
7784,84 7784,1386 8512,1386 8512,84 
8512,0 8512,1386 9044,1386 9044,0 
9534,0 9534,1862 10416,1862 10416,0 
0,1610 0,1960 28,1960 28,1610 
28,1610 28,2366 868,2366 868,1610 
2828,2800 2828,3332 3094,3332 3094,2800 
3094,1554 3094,3332 3738,3332 3738,1554 
1078,2618 1078,3598 2058,3598 2058,2618 
2058,2618 2058,3136 2142,3136 2142,2618 
9310,2674 9310,3290 9604,3290 9604,2674 
9604,2674 9604,3500 9982,3500 9982,2674 
5558,1484 5558,1890 6356,1890 6356,1484 
6356,1218 6356,1890 6622,1890 6622,1218 
4746,1036 4746,1890 5138,1890 5138,1036 
5138,966 5138,1890 5544,1890 5544,966 
2142,2618 2142,3472 2506,3472 2506,2618 
2506,2674 2506,3472 2828,3472 2828,2674 
9982,1862 9982,2618 10374,2618 10374,1862 
3738,1554 3738,3416 4116,3416 4116,1554 
4116,2338 4116,3416 4130,3416 4130,2338 
6622,672 6622,1456 7448,1456 7448,672 
7448,1064 7448,1456 7672,1456 7672,1064 
10416,0 10416,784 10528,784 10528,0 
10528,0 10528,1582 10780,1582 10780,0 
9982,2730 9982,3556 10374,3556 10374,2730 
10374,2730 10374,3472 10766,3472 10766,2730 
4382,112 4382,952 4746,952 4746,112 
4746,0 4746,952 5110,952 5110,0 
9044,0 9044,2128 9492,2128 9492,0 
9492,0 9492,1134 9534,1134 9534,0 
9044,2128 9044,2926 9310,2926 9310,2128 
8316,2926 8316,3598 9044,3598 9044,2926 
9044,3276 9044,3598 9100,3598 9100,3276 
28,2464 28,3612 588,3612 588,2464 
588,2618 588,3612 1078,3612 1078,2618 
7364,1624 7364,3514 8316,3514 8316,1624 
8316,1624 8316,2926 9044,2926 9044,1624 
6062,0 6062,1218 6622,1218 6622,0 
6622,0 6622,672 7784,672 7784,0 
5110,0 5110,966 5558,966 5558,0 
5558,0 5558,1204 6062,1204 6062,0 
10374,1862 10374,2730 10766,2730 10766,1862 
7448,1456 7448,1624 7826,1624 7826,1456 
9492,1862 9492,2674 9926,2674 9926,1862 

dead_space:0.0971523,best_rito:0.514423,get_best_time:45.9018
2758,4634 2758,7868 4466,7868 4466,4634 
672,0 672,1302 1302,1302 1302,0 
1302,0 1302,1554 1974,1554 1974,0 
1806,2450 1806,4634 2814,4634 2814,2450 
2814,1554 2814,4634 4424,4634 4424,1554 
994,6328 994,7714 1526,7714 1526,6328 
1526,6412 1526,7714 2254,7714 2254,6412 
2534,672 2534,1554 4396,1554 4396,672 
3738,7868 3738,8736 4088,8736 4088,7868 
4088,7896 4088,8736 4494,8736 4494,7896 
1722,4634 1722,6412 2366,6412 2366,4634 
2366,4634 2366,5166 2632,5166 2632,4634 
490,4466 490,4984 574,4984 574,4466 
574,4004 574,4984 1554,4984 1554,4004 
0,210 0,826 294,826 294,210 
294,0 294,826 672,826 672,0 
1302,1554 1302,1960 2100,1960 2100,1554 
2100,1288 2100,1960 2366,1960 2366,1288 
2814,7868 2814,8274 2884,8274 2884,7868 
2884,7868 2884,8666 3738,8666 3738,7868 
42,7196 42,7560 98,7560 98,7196 
98,6874 98,7560 896,7560 896,6874 
2366,1554 2366,2310 2758,2310 2758,1554 
2366,5166 2366,6244 2380,6244 2380,5166 
2380,5166 2380,7028 2758,7028 2758,5166 
98,8344 98,8736 322,8736 322,8344 
322,7952 322,8736 1148,8736 1148,7952 
2380,7826 2380,8610 2492,8610 2492,7826 
2492,7028 2492,8610 2744,8610 2744,7028 
924,3192 924,3584 1008,3584 1008,3192 
1008,3192 1008,3976 1750,3976 1750,3192 
294,1190 294,2142 658,2142 658,1190 
658,1302 658,2142 1022,2142 1022,1302 
0,2142 0,3276 42,3276 42,2142 
42,2142 42,4270 490,4270 490,2142 
0,826 0,1624 266,1624 266,826 
3696,350 3696,672 3752,672 3752,350 
3752,0 3752,672 4480,672 4480,0 
658,2142 658,3192 1652,3192 1652,2142 
1652,2632 1652,3192 1806,3192 1806,2632 
42,4984 42,6874 994,6874 994,4984 
994,4984 994,6286 1722,6286 1722,4984 
1974,0 1974,1218 2534,1218 2534,0 
2534,0 2534,672 3696,672 3696,0 
1148,8162 1148,8666 1386,8666 1386,8162 
1386,7714 1386,8666 2352,8666 2352,7714 
98,7560 98,7952 966,7952 966,7560 
42,4270 42,4648 210,4648 210,4270 
490,3192 490,4004 924,4004 924,3192 

dead_space:0.0968006,best_rito:2.19536,get_best_time:15.722
7574,0 7574,3234 9282,3234 9282,0 
1526,3542 1526,4214 1778,4214 1778,3542 
1778,2912 1778,4214 3080,4214 3080,2912 
4956,0 4956,2184 5964,2184 5964,0 
5964,0 5964,3080 7574,3080 7574,0 
2744,0 2744,1386 3276,1386 3276,0 
3276,84 3276,1386 4004,1386 4004,84 
1862,0 1862,1862 2744,1862 2744,0 
7448,3262 7448,4102 7854,4102 7854,3262 
7854,3234 7854,4102 8204,4102 8204,3234 
3080,2436 3080,4214 3724,4214 3724,2436 
3724,2436 3724,2968 3990,2968 3990,2436 
8204,3234 8204,4214 9184,4214 9184,3234 
9184,3696 9184,4214 9268,4214 9268,3696 
1120,392 1120,1008 1414,1008 1414,392 
1414,392 1414,1218 1792,1218 1792,392 
5726,3878 5726,4144 5992,4144 5992,3878 
5992,3080 5992,4144 6398,4144 6398,3080 
4004,0 4004,406 4074,406 4074,0 
4074,0 4074,798 4928,798 4928,0 
784,3332 784,4186 1148,4186 1148,3332 
1148,3388 1148,4186 1470,4186 1470,3388 
112,1120 112,1512 868,1512 868,1120 
0,0 0,392 1078,392 1078,0 
1078,14 1078,392 1862,392 1862,14 
2996,1386 2996,2436 3388,2436 3388,1386 
3388,1386 3388,2212 3780,2212 3780,1386 
1414,1960 1414,2744 1526,2744 1526,1960 
1526,1960 1526,3542 1778,3542 1778,1960 
952,1134 952,1960 1344,1960 1344,1134 
1344,1218 1344,1960 1736,1960 1736,1218 
0,392 0,756 112,756 112,392 
112,392 112,1120 952,1120 952,392 
4074,1792 4074,2926 4116,2926 4116,1792 
4116,798 4116,2926 4564,2926 4564,798 
3780,1386 3780,2184 4046,2184 4046,1386 
112,3388 112,4116 462,4116 462,3388 
462,3332 462,4116 784,4116 784,3332 
6398,3080 6398,4228 6958,4228 6958,3080 
6958,3080 6958,4074 7448,4074 7448,3080 
4046,2926 4046,4228 4774,4228 4774,2926 
4774,2338 4774,4228 5726,4228 5726,2338 
112,1610 112,3332 784,3332 784,1610 
784,2772 784,3332 1330,3332 1330,2772 
1792,2310 1792,2814 2030,2814 2030,2310 
2030,1862 2030,2814 2996,2814 2996,1862 
4564,798 4564,1666 4956,1666 4956,798 
952,392 952,770 1120,770 1120,392 
868,1960 868,2772 1302,2772 1302,1960 

dead_space:0.0842043,best_rito:0.708333,get_best_time:30.8896
1848,2184 1848,5418 3556,5418 3556,2184 
1064,0 1064,672 1316,672 1316,0 
1316,0 1316,1302 2618,1302 2618,0 
2618,0 2618,2184 3626,2184 3626,0 
3626,0 3626,3080 5236,3080 5236,0 
0,6118 0,7378 1302,7378 1302,6118 
1302,6846 1302,7378 1386,7378 1386,6846 
0,1946 0,3808 882,3808 882,1946 
4312,5628 4312,6468 4718,6468 4718,5628 
4718,5600 4718,6468 5068,6468 5068,5600 
812,3864 812,4396 1078,4396 1078,3864 
1078,2618 1078,4396 1722,4396 1722,2618 
0,462 0,980 84,980 84,462 
84,0 84,980 1064,980 1064,0 
3584,6720 3584,7392 4200,7392 4200,6720 
4200,6720 4200,7098 4410,7098 4410,6720 
1162,5614 1162,5880 1428,5880 1428,5614 
1428,5614 1428,6678 1834,6678 1834,5614 
4410,6538 4410,7392 4802,7392 4802,6538 
4802,6468 4802,7392 5208,7392 5208,6468 
3626,3080 3626,3766 4424,3766 4424,3080 
4424,3402 4424,3766 4480,3766 4480,3402 
4424,4032 4424,4424 5180,4424 5180,4032 
4046,3766 4046,5628 4424,5628 4424,3766 
4424,4550 4424,5628 4438,5628 4438,4550 
4438,4424 4438,5250 4830,5250 4830,4424 
4830,4424 4830,5474 5222,5474 5222,4424 
84,1302 84,1554 882,1554 882,1302 
882,1302 882,1666 1666,1666 1666,1302 
3528,5894 3528,6720 3920,6720 3920,5894 
3920,5894 3920,6636 4312,6636 4312,5894 
4480,3192 4480,4032 4844,4032 4844,3192 
4844,3080 4844,4032 5208,4032 5208,3080 
3556,3766 3556,4900 3598,4900 3598,3766 
3598,3766 3598,5894 4046,5894 4046,3766 
0,980 0,1246 798,1246 798,980 
2800,7070 2800,7392 2856,7392 2856,7070 
2856,6720 2856,7392 3584,7392 3584,6720 
0,5068 0,6118 994,6118 994,5068 
994,5068 994,6118 1148,6118 1148,5068 
1848,5418 1848,7308 2800,7308 2800,5418 
2800,5418 2800,6720 3528,6720 3528,5418 
0,4396 0,5068 1162,5068 1162,4396 
1162,4396 1162,5614 1722,5614 1722,4396 
882,1666 882,2618 1848,2618 1848,1666 
1848,1666 1848,2170 2086,2170 2086,1666 
0,1554 0,1946 868,1946 868,1554 
1386,6678 1386,6846 1764,6846 1764,6678 
0,3808 0,4242 812,4242 812,3808 

dead_space:0.115591,best_rito:1.62254,get_best_time:14.7226
2016,0 2016,3234 3724,3234 3724,0 
1330,3262 1330,3934 1582,3934 1582,3262 
1582,3262 1582,4564 2884,4564 2884,3262 
4788,0 4788,1610 5684,1610 5684,0 
5684,0 5684,2618 7868,2618 7868,0 
4368,3570 4368,4872 5096,4872 5096,3570 
5096,3486 5096,4872 5628,4872 5628,3486 
56,672 56,2534 938,2534 938,672 
2884,3234 2884,3990 3724,3990 3724,3234 
3724,3640 3724,3990 3752,3990 3752,3640 
1106,0 1106,532 1372,532 1372,0 
1372,0 1372,1778 2016,1778 2016,0 
3724,462 3724,980 3808,980 3808,462 
3808,0 3808,980 4788,980 4788,0 
952,2646 952,3472 1330,3472 1330,2646 
1330,2646 1330,3262 1624,3262 1624,2646 
112,3486 112,4158 378,4158 378,3486 
378,3486 378,3892 1176,3892 1176,3486 
378,3892 378,4298 448,4298 448,3892 
448,3892 448,4690 1302,4690 1302,3892 
56,2534 56,2898 112,2898 112,2534 
112,2534 112,3220 910,3220 910,2534 
3920,2142 3920,2534 4676,2534 4676,2142 
938,1316 938,2394 952,2394 952,1316 
952,532 952,2394 1330,2394 1330,532 
4802,2436 4802,3486 5194,3486 5194,2436 
5194,2436 5194,3262 5586,3262 5586,2436 
1582,4564 1582,4928 2366,4928 2366,4564 
2366,4676 2366,4928 3164,4928 3164,4676 
4760,1610 4760,2352 5152,2352 5152,1610 
5152,1610 5152,2436 5544,2436 5544,1610 
3808,1778 3808,2142 3920,2142 3920,1778 
3920,1414 3920,2142 4760,2142 4760,1414 
7574,2618 7574,3752 7616,3752 7616,2618 
7616,2618 7616,4746 8064,4746 8064,2618 
112,3220 112,3486 910,3486 910,3220 
0,350 0,672 56,672 56,350 
56,0 56,672 784,672 784,0 
3752,2534 3752,3682 4312,3682 4312,2534 
4312,2534 4312,3528 4802,3528 4802,2534 
5684,2618 5684,3570 6272,3570 6272,2618 
6272,2618 6272,4298 7574,4298 7574,2618 
5628,3752 5628,4970 6188,4970 6188,3752 
6188,4298 6188,4970 7350,4970 7350,4298 
3164,3990 3164,4494 3402,4494 3402,3990 
3402,3990 3402,4942 4368,4942 4368,3990 
1372,1778 1372,2646 1764,2646 1764,1778 
938,0 938,378 1106,378 1106,0 
3808,980 3808,1414 4620,1414 4620,980 

dead_space:0.112065,best_rito:0.273465,get_best_time:7.51167
0,3948 0,5656 3234,5656 3234,3948 
588,8848 588,9520 840,9520 840,8848 
840,8218 840,9520 2142,9520 2142,8218 
0,0 0,3080 1610,3080 1610,0 
1610,0 1610,2184 2618,2184 2618,0 
1890,6608 1890,7140 1974,7140 1974,6608 
1974,6608 1974,7868 3276,7868 3276,6608 
0,5656 0,6538 1862,6538 1862,5656 
392,9520 392,10276 1232,10276 1232,9520 
1232,9520 1232,9870 1260,9870 1260,9520 
1470,11074 1470,11718 2716,11718 2716,11074 
2716,10808 2716,11718 3248,11718 3248,10808 
2296,2184 2296,3164 2758,3164 2758,2184 
2758,2184 2758,3248 3276,3248 3276,2184 
1260,10248 1260,10626 1470,10626 1470,10248 
1470,10248 1470,10920 2086,10920 2086,10248 
70,10948 70,12012 476,12012 476,10948 
476,10948 476,11214 742,11214 742,10948 
812,3080 812,3878 1666,3878 1666,3080 
1666,3472 1666,3878 1736,3878 1736,3472 
1610,2184 1610,2982 1932,2982 1932,2184 
1932,2184 1932,3038 2296,3038 2296,2184 
2184,8918 2184,9674 2576,9674 2576,8918 
0,7490 0,8568 14,8568 14,7490 
14,7490 14,9352 392,9352 392,7490 
1932,3164 1932,3948 2758,3948 2758,3164 
2758,3556 2758,3948 2982,3948 2982,3556 
1218,11718 1218,12082 2002,12082 2002,11718 
2002,11718 2002,11970 2800,11970 2800,11718 
476,11214 476,11998 1218,11998 1218,11214 
1218,11214 1218,11606 1302,11606 1302,11214 
1232,9884 1232,10248 1344,10248 1344,9884 
1344,9520 1344,10248 2184,10248 2184,9520 
2618,994 2618,2128 2660,2128 2660,994 
2660,0 2660,2128 3108,2128 3108,0 
0,3514 0,3780 798,3780 798,3514 
14,10626 14,10948 70,10948 70,10626 
70,10276 70,10948 798,10948 798,10276 
2142,7868 2142,8918 3136,8918 3136,7868 
3136,7868 3136,8918 3290,8918 3290,7868 
0,6538 0,7490 588,7490 588,6538 
588,6538 588,8218 1890,8218 1890,6538 
2086,10248 2086,10808 2632,10808 2632,10248 
2632,9086 2632,10808 3304,10808 3304,9086 
1862,5656 1862,6160 2100,6160 2100,5656 
2100,5656 2100,6608 3066,6608 3066,5656 
840,10276 840,11144 1232,11144 1232,10276 
0,3780 0,3948 378,3948 378,3780 
0,3080 0,3514 812,3514 812,3080 

dead_space:0.0896809,best_rito:1.34026,get_best_time:61.3659
5516,0 5516,3234 7224,3234 7224,0 
1946,3500 1946,4172 2198,4172 2198,3500 
2198,3500 2198,4802 3500,4802 3500,3500 
1050,0 1050,1610 1946,1610 1946,0 
1946,0 1946,2618 4130,2618 4130,0 
4130,0 4130,532 4214,532 4214,0 
4214,0 4214,1260 5516,1260 5516,0 
2338,2618 2338,3500 4200,3500 4200,2618 
14,3276 14,3626 42,3626 42,3276 
42,3276 42,4032 882,4032 882,3276 
6258,3234 6258,3766 6524,3766 6524,3234 
6524,3234 6524,5012 7168,5012 7168,3234 
4214,2380 4214,3360 4676,3360 4676,2380 
4676,2380 4676,3444 5194,3444 5194,2380 
994,3122 994,3794 1610,3794 1610,3122 
1610,3122 1610,3500 1820,3500 1820,3122 
5194,2968 5194,3640 5460,3640 5460,2968 
5460,3234 5460,3640 6258,3640 6258,3234 
826,4186 826,4592 896,4592 896,4186 
896,3794 896,4592 1750,4592 1750,3794 
98,4704 98,5390 896,5390 896,4704 
896,4704 896,5390 952,5390 952,4704 
2646,4802 2646,5194 3402,5194 3402,4802 
0,1932 0,3010 14,3010 14,1932 
14,1148 14,3010 392,3010 392,1148 
882,1610 882,2394 1708,2394 1708,1610 
1708,1610 1708,2002 1932,2002 1932,1610 
5894,3640 5894,5222 6146,5222 6146,3640 
6146,3640 6146,4424 6258,4424 6258,3640 
952,4592 952,5376 1694,5376 1694,4592 
1694,4592 1694,4984 1778,4984 1778,4592 
882,2394 882,2758 994,2758 994,2394 
994,2394 994,3122 1834,3122 1834,2394 
392,1148 392,3276 840,3276 840,1148 
840,1148 840,2282 882,2282 882,1148 
6146,5012 6146,5278 6944,5278 6944,5012 
42,4032 42,4354 98,4354 98,4032 
98,4032 98,4704 826,4704 826,4032 
0,0 0,1148 560,1148 560,0 
560,0 560,994 1050,994 1050,0 
3500,3500 3500,5390 4452,5390 4452,3500 
4452,3500 4452,4802 5180,4802 5180,3500 
4676,4802 4676,5362 5222,5362 5222,4802 
5222,3640 5222,5362 5894,5362 5894,3640 
4200,1428 4200,2380 5166,2380 5166,1428 
5166,1876 5166,2380 5404,2380 5404,1876 
1946,2618 1946,3486 2338,3486 2338,2618 
4214,1260 4214,1428 4592,1428 4592,1260 
1834,4802 1834,5236 2646,5236 2646,4802 

dead_space:0.0713233,best_rito:3.64935,get_best_time:39.5408
10094,0 10094,3234 11802,3234 11802,0 
3486,1680 3486,3234 4158,3234 4158,1680 
4158,1932 4158,3234 4788,3234 4788,1932 
7476,0 7476,2184 8484,2184 8484,0 
8484,0 8484,3080 10094,3080 10094,0 
2016,868 2016,2170 2744,2170 2744,868 
2744,868 2744,2254 3276,2254 3276,868 
5572,1302 5572,3164 6454,3164 6454,1302 
1946,0 1946,840 2352,840 2352,0 
2352,0 2352,868 2702,868 2702,0 
168,0 168,644 1414,644 1414,0 
1414,0 1414,910 1946,910 1946,0 
2422,2254 2422,3234 3402,3234 3402,2254 
3402,2254 3402,2772 3486,2772 3486,2254 
3360,210 3360,826 3654,826 3654,210 
3654,0 3654,826 4032,826 4032,0 
672,2030 672,3094 1078,3094 1078,2030 
1078,2030 1078,2296 1344,2296 1344,2030 
1218,980 1218,1834 1610,1834 1610,980 
1610,910 1610,1834 2016,1834 2016,910 
3276,882 3276,1680 3598,1680 3598,882 
3598,826 3598,1680 3962,1680 3962,826 
1078,2296 1078,3052 1470,3052 1470,2296 
6944,952 6944,2814 7322,2814 7322,952 
7322,1736 7322,2814 7336,2814 7336,1736 
4788,1890 4788,2716 5180,2716 5180,1890 
5180,1890 5180,2940 5572,2940 5572,1890 
4032,0 4032,1582 4284,1582 4284,0 
4284,798 4284,1582 4396,1582 4396,798 
434,644 434,1386 826,1386 826,644 
826,644 826,1470 1218,1470 1218,644 
6748,0 6748,952 7112,952 7112,0 
7112,112 7112,952 7476,952 7476,112 
6454,952 6454,3080 6902,3080 6902,952 
6902,952 6902,2086 6944,2086 6944,952 
2702,0 2702,798 2968,798 2968,0 
6076,0 6076,728 6426,728 6426,0 
6426,0 6426,784 6748,784 6748,0 
7336,2184 7336,3234 8330,3234 8330,2184 
8330,2674 8330,3234 8484,3234 8484,2674 
4396,0 4396,1890 5348,1890 5348,0 
5348,0 5348,1302 6076,1302 6076,0 
0,1470 0,3192 672,3192 672,1470 
672,1470 672,2030 1218,2030 1218,1470 
1470,1932 1470,3136 1974,3136 1974,1932 
1974,2170 1974,3136 2422,3136 2422,2170 
2968,0 2968,868 3360,868 3360,0 
0,0 0,378 168,378 168,0 
0,644 0,1456 434,1456 434,644 

dead_space:0.0969359,best_rito:2.25503,get_best_time:5.23376
0,0 0,1708 3234,1708 3234,0 
6552,2618 6552,4172 7224,4172 7224,2618 
7224,2618 7224,3920 7854,3920 7854,2618 
5572,1008 5572,2618 6468,2618 6468,1008 
6468,0 6468,2618 8652,2618 8652,0 
5292,2618 5292,4004 5824,4004 5824,2618 
5824,2618 5824,4004 6552,4004 6552,2618 
1120,1708 1120,2590 2982,2590 2982,1708 
994,2590 994,3346 1834,3346 1834,2590 
1834,2590 1834,2940 1862,2940 1862,2590 
2982,1918 2982,2450 3248,2450 3248,1918 
3248,672 3248,2450 3892,2450 3892,672 
1862,2590 1862,3108 1946,3108 1946,2590 
1946,2590 1946,3570 2926,3570 2926,2590 
3234,0 3234,672 3850,672 3850,0 
3850,0 3850,378 4060,378 4060,0 
4620,3094 4620,4158 5026,4158 5026,3094 
5026,3094 5026,3360 5292,3360 5292,3094 
3822,3094 3822,3948 4214,3948 4214,3094 
4214,3094 4214,4018 4620,4018 4620,3094 
0,1764 0,2562 322,2562 322,1764 
322,1708 322,2562 686,2562 686,1708 
1470,3738 1470,4130 2226,4130 2226,3738 
8652,0 8652,1862 9030,1862 9030,0 
9030,0 9030,1848 9044,1848 9044,0 
644,3346 644,4130 1470,4130 1470,3346 
1470,3346 1470,3738 1694,3738 1694,3346 
9044,0 9044,1582 9296,1582 9296,0 
9296,0 9296,784 9408,784 9408,0 
7966,3346 7966,4172 8358,4172 8358,3346 
8358,3346 8358,4088 8750,4088 8750,3346 
7854,2618 7854,2982 7966,2982 7966,2618 
7966,2618 7966,3346 8806,3346 8806,2618 
8806,1862 8806,3990 9254,3990 9254,1862 
9254,1862 9254,2996 9296,2996 9296,1862 
5026,3360 5026,4158 5292,4158 5292,3360 
322,2562 322,3346 644,3346 644,2562 
644,2618 644,3346 994,3346 994,2618 
5012,0 5012,1148 5572,1148 5572,0 
5572,0 5572,994 6062,994 6062,0 
3892,1204 3892,3094 4844,3094 4844,1204 
4844,1204 4844,2506 5572,2506 5572,1204 
2604,3612 2604,4172 3150,4172 3150,3612 
3150,2450 3150,4172 3822,4172 3822,2450 
4060,0 4060,1204 4564,1204 4564,0 
4564,0 4564,966 5012,966 5012,0 
6062,0 6062,868 6454,868 6454,0 
2226,3570 2226,3738 2604,3738 2604,3570 
686,1708 686,2520 1120,2520 1120,1708 

dead_space:0.0867848,best_rito:3.27236,get_best_time:40.3687
3192,0 3192,1708 6426,1708 6426,0 
6426,0 6426,1554 7098,1554 7098,0 
7098,252 7098,1554 7728,1554 7728,252 
8652,1260 8652,3444 9660,3444 9660,1260 
9660,364 9660,3444 11270,3444 11270,364 
672,0 672,1386 1204,1386 1204,0 
1204,0 1204,1386 1932,1386 1932,0 
7378,1554 7378,3416 8260,3416 8260,1554 
2324,0 2324,756 3164,756 3164,0 
3164,0 3164,350 3192,350 3192,0 
2072,868 2072,2646 2716,2646 2716,868 
2716,868 2716,1400 2982,1400 2982,868 
8680,84 8680,1064 9142,1064 9142,84 
9142,0 9142,1064 9660,1064 9660,0 
448,2646 448,3262 742,3262 742,2646 
742,2436 742,3262 1120,3262 1120,2436 
2072,3038 2072,3444 2870,3444 2870,3038 
2870,2772 2870,3444 3136,3444 3136,2772 
2828,1708 2828,2506 3682,2506 3682,1708 
3682,1708 3682,2114 3752,2114 3752,1708 
1386,2436 1386,3290 1750,3290 1750,2436 
1750,2436 1750,3234 2072,3234 2072,2436 
2072,2646 2072,3038 2828,3038 2828,2646 
8260,1204 8260,3066 8638,3066 8638,1204 
8638,1988 8638,3066 8652,3066 8652,1988 
3136,3052 3136,3444 3360,3444 3360,3052 
3360,2660 3360,3444 4186,3444 4186,2660 
9660,112 9660,364 10458,364 10458,112 
10458,0 10458,364 11242,364 11242,0 
4186,2940 4186,3332 4270,3332 4270,2940 
4270,2548 4270,3332 5012,3332 5012,2548 
3752,1708 3752,2660 4116,2660 4116,1708 
4116,1708 4116,2548 4480,2548 4480,1708 
0,784 0,2912 448,2912 448,784 
448,784 448,1918 490,1918 490,784 
1120,2436 1120,3234 1386,3234 1386,2436 
0,0 0,784 322,784 322,0 
322,56 322,784 672,784 672,56 
490,1386 490,1946 644,1946 644,1386 
644,1386 644,2436 1638,2436 1638,1386 
5698,2142 5698,3444 6426,3444 6426,2142 
6426,1554 6426,3444 7378,3444 7378,1554 
4480,1708 4480,2268 5026,2268 5026,1708 
5026,1708 5026,3430 5698,3430 5698,1708 
7728,0 7728,966 8176,966 8176,0 
8176,0 8176,1204 8680,1204 8680,0 
1932,0 1932,868 2324,868 2324,0 
742,3262 742,3430 1120,3430 1120,3262 
1638,1386 1638,2198 2072,2198 2072,1386 

dead_space:0.0804044,best_rito:3.38589,get_best_time:35.266
938,0 938,1708 4172,1708 4172,0 
6552,0 6552,1554 7224,1554 7224,0 
7224,0 7224,1302 7854,1302 7854,0 
7854,0 7854,1610 8750,1610 8750,0 
8750,0 8750,2618 10934,2618 10934,0 
4928,0 4928,1302 5656,1302 5656,0 
5656,0 5656,1386 6188,1386 6188,0 
1918,1708 1918,2590 3780,2590 3780,1708 
9674,2618 9674,2968 9702,2968 9702,2618 
9702,2618 9702,3374 10542,3374 10542,2618 
3948,1708 3948,2240 4214,2240 4214,1708 
4214,462 4214,2240 4858,2240 4858,462 
896,2352 896,3332 1358,3332 1358,2352 
1358,2268 1358,3332 1876,3332 1876,2268 
10542,2618 10542,2996 10752,2996 10752,2618 
10752,2618 10752,3290 11368,3290 11368,2618 
56,2254 56,3318 462,3318 462,2254 
462,2254 462,2520 728,2520 728,2254 
6580,2898 6580,3304 6650,3304 6650,2898 
6650,2506 6650,3304 7504,3304 7504,2506 
0,1512 0,1876 56,1876 56,1512 
56,1190 56,1876 854,1876 854,1190 
4172,0 4172,392 4928,392 4928,0 
56,1876 56,2254 840,2254 840,1876 
840,1876 840,2268 1918,2268 1918,1876 
1876,2590 1876,3374 2702,3374 2702,2590 
2702,2982 2702,3374 2926,3374 2926,2982 
6188,0 6188,1582 6440,1582 6440,0 
6440,0 6440,784 6552,784 6552,0 
2926,2982 2926,3374 3010,3374 3010,2982 
3010,2590 3010,3374 3752,3374 3752,2590 
8722,2618 8722,2982 8834,2982 8834,2618 
8834,2618 8834,3346 9674,3346 9674,2618 
10934,994 10934,2128 10976,2128 10976,994 
10976,0 10976,2128 11424,2128 11424,0 
0,0 0,798 266,798 266,0 
266,56 266,784 616,784 616,56 
616,0 616,784 938,784 938,0 
3752,2730 3752,3290 3906,3290 3906,2730 
3906,2240 3906,3290 4900,3290 4900,2240 
4900,1470 4900,3360 5852,3360 5852,1470 
5852,2058 5852,3360 6580,3360 6580,2058 
7504,2772 7504,3332 8050,3332 8050,2772 
8050,1610 8050,3332 8722,3332 8722,1610 
6440,1554 6440,2058 6678,2058 6678,1554 
6678,1554 6678,2506 7644,2506 7644,1554 
0,798 0,1190 868,1190 868,798 
3780,1708 3780,2086 3948,2086 3948,1708 
462,2520 462,3332 896,3332 896,2520 

dead_space:0.10436,best_rito:2.46853,get_best_time:46.1555
3402,0 3402,1708 6636,1708 6636,0 
1848,0 1848,1302 3150,1302 3150,0 
3150,630 3150,1302 3402,1302 3402,630 
42,2394 42,4004 938,4004 938,2394 
938,1386 938,4004 3122,4004 3122,1386 
8540,1050 8540,2352 9268,2352 9268,1050 
9268,966 9268,2352 9800,2352 9800,966 
4606,2100 4606,3962 5488,3962 5488,2100 
3122,2688 3122,3556 3472,3556 3472,2688 
3472,2688 3472,3556 3878,3556 3878,2688 
6706,1890 6706,3668 7350,3668 7350,1890 
7350,1890 7350,2422 7616,2422 7616,1890 
3150,1708 3150,2688 4130,2688 4130,1708 
4130,2170 4130,2688 4214,2688 4214,2170 
7406,3304 7406,3920 7700,3920 7700,3304 
7700,3094 7700,3920 8078,3920 8078,3094 
8820,2352 8820,2758 9618,2758 9618,2352 
9618,2352 9618,3024 9884,3024 9884,2352 
7616,1302 7616,2100 8470,2100 8470,1302 
8470,1694 8470,2100 8540,2100 8540,1694 
8134,2296 8134,3150 8498,3150 8498,2296 
8498,2352 8498,3150 8820,3150 8820,2352 
9100,0 9100,756 9492,756 9492,0 
4214,1708 4214,2100 5292,2100 5292,1708 
5292,1722 5292,2100 6076,2100 6076,1722 
8316,0 8316,826 8708,826 8708,0 
8708,0 8708,1050 9100,1050 9100,0 
6244,1708 6244,3290 6496,3290 6496,1708 
6496,2506 6496,3290 6608,3290 6608,2506 
8078,3150 8078,3934 8820,3934 8820,3150 
8820,3150 8820,3542 8904,3542 8904,3150 
3878,2688 3878,3528 4242,3528 4242,2688 
4242,2688 4242,3640 4606,3640 4606,2688 
0,266 0,1400 42,1400 42,266 
42,266 42,2394 490,2394 490,266 
0,0 0,266 798,266 798,0 
7350,2422 7350,2744 7406,2744 7406,2422 
7406,2422 7406,3094 8134,3094 8134,2422 
798,154 798,1148 1288,1148 1288,154 
1288,0 1288,1148 1848,1148 1848,0 
6636,0 6636,1890 7588,1890 7588,0 
7588,0 7588,1302 8316,1302 8316,0 
5488,2128 5488,3850 6160,3850 6160,2128 
6160,3290 6160,3850 6706,3850 6706,3290 
8904,2786 8904,3990 9408,3990 9408,2786 
9408,3024 9408,3990 9856,3990 9856,3024 
9492,0 9492,868 9884,868 9884,0 
6076,1708 6076,2086 6244,2086 6244,1708 
490,1148 490,1960 924,1960 924,1148 

dead_space:0.10648,best_rito:2.11974,get_best_time:35.7449
2128,0 2128,1708 5362,1708 5362,0 
1386,2632 1386,3934 2688,3934 2688,2632 
2688,2632 2688,3304 2940,3304 2940,2632 
4508,1708 4508,3318 5404,3318 5404,1708 
5404,1708 5404,4326 7588,4326 7588,1708 
0,2856 0,4116 1302,4116 1302,2856 
1302,2856 1302,3388 1386,3388 1386,2856 
0,490 0,1372 1862,1372 1862,490 
7910,2856 7910,3206 7938,3206 7938,2856 
7938,2450 7938,3206 8778,3206 8778,2450 
8260,1918 8260,2450 8526,2450 8526,1918 
8526,672 8526,2450 9170,2450 9170,672 
4242,3318 4242,4298 5222,4298 5222,3318 
5222,3318 5222,3836 5306,3836 5306,3318 
2926,2002 2926,2380 3136,2380 3136,2002 
3136,1708 3136,2380 3752,2380 3752,1708 
3836,2660 3836,3724 4242,3724 4242,2660 
4242,2660 4242,2926 4508,2926 4508,2660 
2128,1708 2128,2632 2534,2632 2534,1708 
2534,1708 2534,2562 2926,2562 2926,1708 
7812,840 7812,1638 8134,1638 8134,840 
8134,840 8134,1694 8498,1694 8498,840 
0,2464 0,2856 756,2856 756,2464 
8778,2450 8778,4312 9156,4312 9156,2450 
9156,2450 9156,4298 9170,4298 9170,2450 
7938,3430 7938,4256 8330,4256 8330,3430 
8330,3206 8330,4256 8722,4256 8722,3206 
1302,3934 1302,4186 2100,4186 2100,3934 
2100,3934 2100,4298 2884,4298 2884,3934 
2940,2380 2940,3206 3332,3206 3332,2380 
3332,2380 3332,3122 3724,3122 3724,2380 
3752,1708 3752,2548 4116,2548 4116,1708 
4116,1708 4116,2660 4480,2660 4480,1708 
0,42 0,490 994,490 994,42 
994,0 994,490 2128,490 2128,0 
0,1806 0,2072 798,2072 798,1806 
7588,1694 7588,2478 7910,2478 7910,1694 
7910,1694 7910,2422 8260,2422 8260,1694 
994,1372 994,2520 1554,2520 1554,1372 
1554,1372 1554,2366 2044,2366 2044,1372 
5362,0 5362,1680 6664,1680 6664,0 
6664,728 6664,1680 7252,1680 7252,728 
7252,0 7252,1218 7812,1218 7812,0 
7812,0 7812,672 8974,672 8974,0 
2884,3360 2884,4326 3332,4326 3332,3360 
3332,3122 3332,4326 3836,4326 3836,3122 
0,2072 0,2464 868,2464 868,2072 
7812,672 7812,840 8190,840 8190,672 
0,1372 0,1806 812,1806 812,1372 

dead_space:0.11037,best_rito:1.5427,get_best_time:20.6918
1890,0 1890,1708 5124,1708 5124,0 
2198,4340 2198,5012 2450,5012 2450,4340 
2450,3710 2450,5012 3752,5012 3752,3710 
4032,1708 4032,4326 6216,4326 6216,1708 
6216,2716 6216,4326 7112,4326 7112,2716 
6370,1890 6370,2422 6454,2422 6454,1890 
6454,1162 6454,2422 7756,2422 7756,1162 
0,2198 0,3080 1862,3080 1862,2198 
4018,4326 4018,5082 4858,5082 4858,4326 
4858,4326 4858,4676 4886,4676 4886,4326 
5124,518 5124,1162 6370,1162 6370,518 
6370,252 6370,1162 6902,1162 6902,252 
1134,3920 1134,4984 1652,4984 1652,3920 
1652,3920 1652,4900 2114,4900 2114,3920 
1582,3248 1582,3920 2198,3920 2198,3248 
2198,3542 2198,3920 2408,3920 2408,3542 
7084,0 7084,266 7350,266 7350,0 
7350,0 7350,1064 7756,1064 7756,0 
2716,1708 2716,2506 3570,2506 3570,1708 
3570,1708 3570,2114 3640,2114 3640,1708 
7112,2422 7112,3276 7476,3276 7476,2422 
7476,2478 7476,3276 7798,3276 7798,2478 
0,952 0,1708 392,1708 392,952 
3640,2492 3640,3570 3654,3570 3654,2492 
3654,1708 3654,3570 4032,3570 4032,1708 
1862,2198 1862,3248 2254,3248 2254,2198 
2254,2198 2254,3024 2646,3024 2646,2198 
5502,0 5502,364 6286,364 6286,0 
6286,0 6286,252 7084,252 7084,0 
0,3080 0,3472 84,3472 84,3080 
84,3080 84,3864 826,3864 826,3080 
4886,4690 4886,5054 4998,5054 4998,4690 
4998,4326 4998,5054 5838,5054 5838,4326 
588,1750 588,2198 1582,2198 1582,1750 
1582,1708 1582,2198 2716,2198 2716,1708 
3752,3570 3752,4368 4018,4368 4018,3570 
5838,4326 5838,4648 5894,4648 5894,4326 
5894,4326 5894,4998 6622,4998 6622,4326 
84,4046 84,5040 574,5040 574,4046 
574,3892 574,5040 1134,5040 1134,3892 
0,0 0,952 588,952 588,0 
588,0 588,1680 1890,1680 1890,0 
6622,4438 6622,4998 7168,4998 7168,4438 
7168,3276 7168,4998 7840,4998 7840,3276 
2646,2506 2646,3472 3094,3472 3094,2506 
3094,2506 3094,3710 3598,3710 3598,2506 
6902,266 6902,1134 7294,1134 7294,266 
5124,0 5124,168 5502,168 5502,0 
826,3080 826,3892 1260,3892 1260,3080 

dead_space:0.0731557,best_rito:1.48895,get_best_time:25.6193
4312,1050 4312,2758 7546,2758 7546,1050 
4312,2758 4312,3430 4564,3430 4564,2758 
4564,2758 4564,4060 5866,4060 5866,2758 
0,0 0,1610 896,1610 896,0 
896,0 896,2618 3080,2618 3080,0 
1568,3808 1568,5068 2870,5068 2870,3808 
2870,4536 2870,5068 2954,5068 2954,4536 
0,1610 0,3472 882,3472 882,1610 
0,3878 0,4228 28,4228 28,3878 
28,3472 28,4228 868,4228 868,3472 
3668,392 3668,2170 4312,2170 4312,392 
4312,392 4312,924 4578,924 4578,392 
5320,0 5320,518 5404,518 5404,0 
5404,0 5404,980 6384,980 6384,0 
4578,378 4578,1050 5194,1050 5194,378 
5194,672 5194,1050 5404,1050 5404,672 
2114,2618 2114,3290 2380,3290 2380,2618 
2380,2618 2380,3024 3178,3024 3178,2618 
3220,2912 3220,3318 3290,3318 3290,2912 
3290,2520 3290,3318 4144,3318 4144,2520 
3878,3374 3878,4228 4242,4228 4242,3374 
4242,3430 4242,4228 4564,4228 4564,3430 
28,4662 28,5054 784,5054 784,4662 
3080,0 3080,392 4158,392 4158,0 
4158,0 4158,378 4942,378 4942,0 
3486,4228 3486,5012 4312,5012 4312,4228 
4312,4228 4312,4620 4536,4620 4536,4228 
3122,3416 3122,4998 3374,4998 3374,3416 
3374,3416 3374,4200 3486,4200 3486,3416 
2380,3024 2380,3808 3122,3808 3122,3024 
3122,3024 3122,3416 3206,3416 3206,3024 
6818,4060 6818,4900 7182,4900 7182,4060 
7182,4060 7182,5012 7546,5012 7546,4060 
3178,392 3178,1526 3220,1526 3220,392 
3220,392 3220,2520 3668,2520 3668,392 
1568,3290 1568,3556 2366,3556 2366,3290 
784,4690 784,5012 840,5012 840,4690 
840,4340 840,5012 1568,5012 1568,4340 
6384,0 6384,1050 7378,1050 7378,0 
7378,0 7378,1050 7532,1050 7532,0 
5866,2758 5866,4648 6818,4648 6818,2758 
6818,2758 6818,4060 7546,4060 7546,2758 
896,2618 896,4340 1568,4340 1568,2618 
1568,2618 1568,3178 2114,3178 2114,2618 
4564,4060 4564,5012 5530,5012 5530,4060 
5530,4508 5530,5012 5768,5012 5768,4508 
3486,3318 3486,4186 3878,4186 3878,3318 
4942,0 4942,168 5320,168 5320,0 
28,4228 28,4662 840,4662 840,4228 

dead_space:0.0873655,best_rito:2.29252,get_best_time:71.864
0,0 0,3234 1708,3234 1708,0 
6622,2618 6622,3920 7924,3920 7924,2618 
7924,3248 7924,3920 8176,3920 8176,3248 
6356,0 6356,1610 7252,1610 7252,0 
7252,0 7252,2618 9436,2618 9436,0 
8176,2618 8176,4004 8708,4004 8708,2618 
8708,2618 8708,4004 9436,4004 9436,2618 
5348,2254 5348,4116 6230,4116 6230,2254 
812,3262 812,4102 1218,4102 1218,3262 
1218,3234 1218,4102 1568,4102 1568,3234 
5334,1344 5334,2254 5866,2254 5866,1344 
5866,1610 5866,2254 7112,2254 7112,1610 
4284,3052 4284,4032 5264,4032 5264,3052 
5264,3514 5264,4032 5348,4032 5348,3514 
3612,2842 3612,3668 3990,3668 3990,2842 
3990,3052 3990,3668 4284,3668 4284,3052 
5292,0 5292,406 6090,406 6090,0 
6090,0 6090,672 6356,672 6356,0 
1960,3346 1960,3752 2030,3752 2030,3346 
2030,2954 2030,3752 2884,3752 2884,2954 
4606,0 4606,854 4970,854 4970,0 
4970,0 4970,798 5292,798 5292,0 
3822,1302 3822,2058 4214,2058 4214,1302 
6230,2254 6230,3332 6244,3332 6244,2254 
6244,2254 6244,4116 6622,4116 6622,2254 
2128,2128 2128,2954 2520,2954 2520,2128 
2520,1904 2520,2954 2912,2954 2912,1904 
2030,3752 2030,4116 2814,4116 2814,3752 
2814,3864 2814,4116 3612,4116 3612,3864 
5292,406 5292,1232 5684,1232 5684,406 
5684,490 5684,1232 6076,1232 6076,490 
3878,112 3878,952 4242,952 4242,112 
4242,0 4242,952 4606,952 4606,0 
1708,0 1708,1134 1750,1134 1750,0 
1750,0 1750,2128 2198,2128 2198,0 
0,3234 0,3500 798,3500 798,3234 
3150,1302 3150,2086 3472,2086 3472,1302 
3472,1302 3472,2030 3822,2030 3822,1302 
4242,952 4242,1946 4732,1946 4732,952 
4732,952 4732,2100 5292,2100 5292,952 
2198,0 2198,1890 3150,1890 3150,0 
3150,0 3150,1302 3878,1302 3878,0 
2912,2086 2912,3808 3584,3808 3584,2086 
3584,2086 3584,2646 4130,2646 4130,2086 
4130,2100 4130,3052 5096,3052 5096,2100 
5096,2100 5096,2604 5334,2604 5334,2100 
1568,3234 1568,4102 1960,4102 1960,3234 
1960,2128 1960,2506 2128,2506 2128,2128 
0,3500 0,3934 812,3934 812,3500 

dead_space:0.0995529,best_rito:5.74332,get_best_time:10.6251
2212,0 2212,1708 5446,1708 5446,0 
7392,252 7392,1554 8022,1554 8022,252 
8022,0 8022,1554 8694,1554 8694,0 
11956,0 11956,1610 12852,1610 12852,0 
12852,0 12852,2618 15036,2618 15036,0 
952,0 952,1386 1484,1386 1484,0 
1484,0 1484,1386 2212,1386 2212,0 
2030,1708 2030,2590 3892,2590 3892,1708 
3892,1708 3892,2576 4242,2576 4242,1708 
4242,1708 4242,2576 4648,2576 4648,1708 
5040,1708 5040,2618 5572,2618 5572,1708 
5572,1974 5572,2618 6818,2618 6818,1974 
10304,0 10304,1064 10822,1064 10822,0 
10822,0 10822,980 11284,980 11284,0 
9758,854 9758,1680 10136,1680 10136,854 
10136,1064 10136,1680 10430,1680 10430,1064 
11284,0 11284,1064 11690,1064 11690,0 
11690,0 11690,266 11956,266 11956,0 
448,1638 448,2562 854,2562 854,1638 
854,1638 854,2492 1246,2492 1246,1638 
7966,1862 7966,2548 8764,2548 8764,1862 
8764,1862 8764,2548 8820,2548 8820,1862 
4648,1708 4648,2464 5040,2464 5040,1708 
8694,784 8694,1862 8708,1862 8708,784 
8708,0 8708,1862 9086,1862 9086,0 
10822,980 10822,2030 11214,2030 11214,980 
11214,1204 11214,2030 11606,2030 11606,1204 
448,1386 448,1638 1246,1638 1246,1386 
1246,1386 1246,1750 2030,1750 2030,1386 
1246,1834 1246,2576 1638,2576 1638,1834 
1638,1750 1638,2576 2030,2576 2030,1750 
8820,2226 8820,2590 8932,2590 8932,2226 
8932,1862 8932,2590 9772,2590 9772,1862 
10556,2044 10556,2492 11550,2492 11550,2044 
11550,2044 11550,2534 12684,2534 12684,2044 
5446,0 5446,798 5712,798 5712,0 
9772,1932 9772,2604 10500,2604 10500,1932 
10500,2282 10500,2604 10556,2604 10556,2282 
6818,1554 6818,2604 7812,2604 7812,1554 
7812,2044 7812,2604 7966,2604 7966,2044 
5712,0 5712,1890 6664,1890 6664,0 
6664,0 6664,1302 7392,1302 7392,0 
9086,0 9086,1722 9758,1722 9758,0 
9758,0 9758,560 10304,560 10304,0 
0,238 0,1204 448,1204 448,238 
448,0 448,1204 952,1204 952,0 
10430,1064 10430,1932 10822,1932 10822,1064 
12684,1610 12684,1988 12852,1988 12852,1610 
11690,1610 11690,2044 12502,2044 12502,1610 

dead_space:0.127773,best_rito:0.48773,get_best_time:58.7477
2366,0 2366,3234 4074,3234 4074,0 
1176,8456 1176,9128 1428,9128 1428,8456 
1428,7826 1428,9128 2730,9128 2730,7826 
1834,3234 1834,5418 2842,5418 2842,3234 
2842,3234 2842,6314 4452,6314 4452,3234 
1582,6440 1582,7826 2114,7826 2114,6440 
2114,6440 2114,7826 2842,7826 2842,6440 
0,3724 0,5586 882,5586 882,3724 
2730,8358 2730,9114 3570,9114 3570,8358 
3570,8358 3570,8708 3598,8708 3598,8358 
588,2352 588,2996 1834,2996 1834,2352 
1834,2086 1834,2996 2366,2996 2366,2086 
112,8554 112,9072 196,9072 196,8554 
196,8092 196,9072 1176,9072 1176,8092 
3234,7098 3234,7924 3612,7924 3612,7098 
3612,7098 3612,7714 3906,7714 3906,7098 
1400,4690 1400,5754 1806,5754 1806,4690 
1806,5488 1806,5754 2072,5754 2072,5488 
0,5586 0,6510 406,6510 406,5586 
406,5586 406,6440 798,6440 798,5586 
1806,5754 1806,6118 1862,6118 1862,5754 
1862,5754 1862,6440 2660,6440 2660,5754 
2730,7966 2730,8358 3486,8358 3486,7966 
1890,0 1890,1078 1904,1078 1904,0 
1904,0 1904,1862 2282,1862 2282,0 
2842,6706 2842,7098 3066,7098 3066,6706 
3066,6314 3066,7098 3892,7098 3892,6314 
0,6510 0,7294 112,7294 112,6510 
112,6510 112,8092 364,8092 364,6510 
798,5670 798,6496 1190,6496 1190,5670 
1190,5754 1190,6496 1582,6496 1582,5754 
560,2996 560,3724 1400,3724 1400,2996 
1400,2996 1400,3724 1512,3724 1512,2996 
3906,6314 3906,8442 4354,8442 4354,6314 
4354,7308 4354,8442 4396,8442 4396,7308 
0,2898 0,3696 266,3696 266,2898 
3612,8442 3612,9114 4340,9114 4340,8442 
4340,8792 4340,9114 4396,9114 4396,8792 
364,7084 364,8078 854,8078 854,7084 
854,6930 854,8078 1414,8078 1414,6930 
0,0 0,952 588,952 588,0 
588,0 588,1680 1890,1680 1890,0 
0,1680 0,2898 560,2898 560,1680 
560,1680 560,2352 1722,2352 1722,1680 
882,3724 882,4928 1386,4928 1386,3724 
1386,3724 1386,4690 1834,4690 1834,3724 
2842,7098 2842,7966 3234,7966 3234,7098 
3612,7714 3612,8092 3780,8092 3780,7714 
406,6496 406,6930 1218,6930 1218,6496 

